144571,100.0 ,1697370156087
144571,100.0 ,1697370156780
144571,8329 ,1697370157473
144571,8453 ,1697370158195
144571,7694 ,1697370158904
144571,8518 ,1697370159627
144571,9000 ,1697370160338
144571,8382 ,1697370161054
144571,8683 ,1697370161771
144571,8629 ,1697370162486
144571,8718 ,1697370163215
144571,8894 ,1697370163924
144571,8453 ,1697370164643
144571,94.1 ,1697370165360
144571,100.0 ,1697370166052
144571,106.2 ,1697370166743
144571,94.1 ,1697370167435
144571,188.2 ,1697370168125
144571,194.1 ,1697370168818
144571,200.0 ,1697370169508
144571,194.1 ,1697370170200
144571,206.2 ,1697370170892
144571,194.1 ,1697370171584
144571,194.1 ,1697370172277
144571,194.1 ,1697370172970
144571,218.8 ,1697370173663
144571,194.1 ,1697370174356
144571,194.1 ,1697370175049
144571,188.2 ,1697370175740
144571,206.2 ,1697370176433
144571,194.1 ,1697370177125
144571,194.1 ,1697370177818
144571,194.1 ,1697370178509
144571,200.0 ,1697370179196
144571,194.1 ,1697370179886
144571,182.4 ,1697370180577
144571,188.2 ,1697370181266
144571,194.1 ,1697370181956
144571,206.2 ,1697370182644
144571,206.2 ,1697370183332
144571,188.2 ,1697370184020
144571,200.0 ,1697370184714
144571,212.5 ,1697370185421
144571,200.0 ,1697370186115
144571,194.1 ,1697370186808
144571,206.2 ,1697370187502
144571,188.2 ,1697370188195
144571,194.1 ,1697370188889
144571,206.2 ,1697370189582
144571,194.1 ,1697370190276
144571,194.1 ,1697370190970
144571,200.0 ,1697370191664
144571,194.1 ,1697370192357
144571,194.1 ,1697370193050
144571,194.1 ,1697370193744
144571,200.0 ,1697370194438
144571,212.5 ,1697370195131
144571,188.2 ,1697370195824
144571,194.1 ,1697370196518
144571,206.2 ,1697370197211
144571,194.1 ,1697370197904
144571,194.1 ,1697370198596
144571,205.9 ,1697370199289
144571,206.2 ,1697370199983
144571,194.1 ,1697370200676
144571,194.1 ,1697370201369
144571,212.5 ,1697370202063
144571,194.1 ,1697370202756
144571,200.0 ,1697370203449
144571,200.0 ,1697370204143
144571,200.0 ,1697370204837
144571,200.0 ,1697370205531
144571,194.1 ,1697370206224
144571,194.1 ,1697370206917
144571,206.2 ,1697370207611
144571,188.2 ,1697370208305
144571,194.1 ,1697370208998
144571,206.2 ,1697370209692
144571,194.1 ,1697370210386
144571,194.1 ,1697370211079
144571,200.0 ,1697370211773
144571,200.0 ,1697370212466
144571,194.1 ,1697370213159
144571,206.2 ,1697370213851
144571,194.1 ,1697370214544
144571,188.2 ,1697370215236
144571,194.1 ,1697370215929
144571,200.0 ,1697370216622
144571,194.1 ,1697370217315
144571,194.1 ,1697370218008
144571,194.1 ,1697370218701
144571,200.0 ,1697370219393
144571,188.2 ,1697370220085
144571,188.2 ,1697370220778
144571,194.1 ,1697370221469
144571,206.2 ,1697370222161
144571,194.1 ,1697370222854
144571,194.1 ,1697370223546
144571,200.0 ,1697370224239
144571,206.2 ,1697370224931
144571,205.9 ,1697370225624
144571,188.2 ,1697370226324
144571,188.2 ,1697370227017
144571,194.1 ,1697370227709
144571,206.2 ,1697370228401
144571,206.2 ,1697370229094
144571,188.2 ,1697370229786
144571,194.1 ,1697370230478
144571,194.1 ,1697370231170
144571,212.5 ,1697370231862
144571,188.2 ,1697370232556
144571,194.1 ,1697370233248
144571,206.2 ,1697370233941
144571,194.1 ,1697370234635
144571,200.0 ,1697370235326
144571,206.2 ,1697370236015
144571,212.5 ,1697370236704
144571,200.0 ,1697370237394
144571,193.8 ,1697370238082
144571,194.1 ,1697370238770
144571,194.1 ,1697370239457
144571,200.0 ,1697370240146
144571,200.0 ,1697370240834
144571,206.2 ,1697370241521
144571,194.1 ,1697370242209
144571,194.1 ,1697370242896
144571,188.2 ,1697370243585
144571,200.0 ,1697370244278
144571,200.0 ,1697370244970
144571,194.1 ,1697370245664
144571,188.2 ,1697370246357
144571,188.2 ,1697370247049
144571,200.0 ,1697370247741
144571,200.0 ,1697370248434
144571,194.1 ,1697370249126
144571,194.1 ,1697370249818
144571,200.0 ,1697370250511
144571,212.5 ,1697370251203
144571,194.1 ,1697370251896
144571,188.2 ,1697370252588
144571,200.0 ,1697370253280
144571,200.0 ,1697370253972
144571,188.2 ,1697370254664
144571,194.1 ,1697370255356
144571,194.1 ,1697370256048
144571,188.2 ,1697370256741
144571,206.2 ,1697370257432
144571,194.1 ,1697370258125
144571,188.2 ,1697370258817
144571,188.2 ,1697370259510
144571,206.2 ,1697370260202
144571,194.1 ,1697370260894
144571,194.1 ,1697370261586
144571,194.1 ,1697370262278
144571,194.1 ,1697370262968
144571,200.0 ,1697370263661
144571,206.2 ,1697370264352
144571,194.1 ,1697370265045
144571,194.1 ,1697370265737
144571,188.2 ,1697370266429
144571,200.0 ,1697370267121
144571,194.1 ,1697370267814
144571,200.0 ,1697370268506
144571,200.0 ,1697370269199
144571,212.5 ,1697370269892
144571,194.1 ,1697370270584
144571,188.2 ,1697370271276
144571,200.0 ,1697370271968
144571,194.1 ,1697370272659
144571,194.1 ,1697370273347
144571,206.2 ,1697370274035
144571,206.2 ,1697370274723
144571,206.2 ,1697370275413
144571,206.2 ,1697370276102
144571,206.2 ,1697370276791
144571,194.1 ,1697370277479
144571,188.2 ,1697370278168
144571,188.2 ,1697370278858
144571,194.1 ,1697370279550
144571,212.5 ,1697370280241
144571,200.0 ,1697370280934
144571,194.1 ,1697370281626
144571,194.1 ,1697370282318
144571,194.1 ,1697370283009
144571,200.0 ,1697370283699
144571,194.1 ,1697370284388
144571,194.1 ,1697370285076
144571,193.8 ,1697370285765
144571,206.2 ,1697370286454
144571,206.2 ,1697370287141
144571,194.1 ,1697370287830
144571,194.1 ,1697370288518
144571,200.0 ,1697370289207
144571,194.1 ,1697370289900
144571,206.2 ,1697370290592
144571,194.1 ,1697370291285
144571,194.1 ,1697370291977
144571,200.0 ,1697370292669
144571,206.2 ,1697370293362
144571,194.1 ,1697370294055
144571,200.0 ,1697370294747
144571,188.2 ,1697370295440
144571,200.0 ,1697370296132
144571,194.1 ,1697370296825
144571,188.2 ,1697370297517
144571,188.2 ,1697370298209
144571,206.2 ,1697370298901
144571,200.0 ,1697370299593
144571,188.2 ,1697370300286
144571,194.1 ,1697370300978
144571,194.1 ,1697370301670
144571,212.5 ,1697370302363
144571,194.1 ,1697370303055
144571,194.1 ,1697370303747
144571,194.1 ,1697370304439
144571,206.2 ,1697370305132
144571,188.2 ,1697370305825
144571,194.1 ,1697370306517
144571,194.1 ,1697370307210
144571,212.5 ,1697370307902
144571,194.1 ,1697370308595
144571,194.1 ,1697370309287
144571,194.1 ,1697370309979
144571,206.2 ,1697370310671
144571,194.1 ,1697370311361
144571,200.0 ,1697370312050
144571,188.2 ,1697370312738
144571,194.1 ,1697370313427
144571,200.0 ,1697370314115
144571,200.0 ,1697370314803
144571,200.0 ,1697370315492
144571,194.1 ,1697370316180
144571,194.1 ,1697370316869
144571,194.1 ,1697370317558
144571,206.2 ,1697370318246
144571,200.0 ,1697370318934
144571,206.2 ,1697370319622
144571,194.1 ,1697370320315
144571,200.0 ,1697370321004
144571,206.2 ,1697370321693
144571,200.0 ,1697370322380
144571,206.2 ,1697370323072
144571,194.1 ,1697370323765
144571,188.2 ,1697370324457
144571,194.1 ,1697370325150
144571,206.2 ,1697370325841
144571,206.2 ,1697370326533
144571,188.2 ,1697370327225
144571,188.2 ,1697370327918
144571,200.0 ,1697370328610
144571,212.5 ,1697370329302
144571,200.0 ,1697370329995
144571,194.1 ,1697370330687
144571,194.1 ,1697370331379
144571,212.5 ,1697370332072
144571,188.2 ,1697370332765
144571,200.0 ,1697370333457
144571,194.1 ,1697370334150
144571,212.5 ,1697370334843
144571,194.1 ,1697370335536
144571,194.1 ,1697370336229
144571,206.2 ,1697370336921
144571,200.0 ,1697370337614
144571,188.2 ,1697370338306
144571,188.2 ,1697370338995
144571,206.2 ,1697370339685
144571,206.2 ,1697370340373
144571,212.5 ,1697370341063
144571,200.0 ,1697370341755
144571,188.2 ,1697370342448
144571,200.0 ,1697370343139
144571,200.0 ,1697370343832
144571,194.1 ,1697370344526
144571,200.0 ,1697370345218
144571,206.2 ,1697370345912
144571,200.0 ,1697370346605
144571,194.1 ,1697370347298
144571,206.2 ,1697370347991
144571,194.1 ,1697370348685
144571,194.1 ,1697370349378
144571,206.2 ,1697370350071
144571,194.1 ,1697370350764
144571,200.0 ,1697370351458
144571,206.2 ,1697370352151
144571,194.1 ,1697370352844
144571,194.1 ,1697370353537
144571,200.0 ,1697370354230
144571,194.1 ,1697370354924
144571,194.1 ,1697370355617
144571,194.1 ,1697370356310
144571,194.1 ,1697370357004
144571,200.0 ,1697370357698
144571,194.1 ,1697370358391
144571,206.2 ,1697370359082
144571,194.1 ,1697370359776
144571,194.1 ,1697370360468
144571,206.2 ,1697370361162
144571,200.0 ,1697370361855
144571,194.1 ,1697370362549
144571,206.2 ,1697370363242
144571,188.2 ,1697370363936
144571,194.1 ,1697370364629
144571,206.2 ,1697370365323
144571,194.1 ,1697370366016
144571,188.2 ,1697370366709
144571,206.2 ,1697370367401
144571,194.1 ,1697370368094
144571,200.0 ,1697370368785
144571,188.2 ,1697370369478
144571,200.0 ,1697370370170
144571,194.1 ,1697370370864
144571,194.1 ,1697370371557
144571,194.1 ,1697370372249
144571,206.2 ,1697370372942
144571,200.0 ,1697370373635
144571,200.0 ,1697370374327
144571,188.2 ,1697370375020
144571,206.2 ,1697370375713
144571,200.0 ,1697370376406
144571,188.2 ,1697370377099
144571,194.1 ,1697370377790
144571,194.1 ,1697370378479
144571,182.4 ,1697370379168
144571,188.2 ,1697370379858
144571,188.2 ,1697370380547
144571,194.1 ,1697370381238
144571,188.2 ,1697370381927
144571,200.0 ,1697370382618
144571,194.1 ,1697370383311
144571,200.0 ,1697370384003
144571,188.2 ,1697370384696
144571,200.0 ,1697370385390
144571,206.2 ,1697370386082
144571,200.0 ,1697370386771
144571,194.1 ,1697370387460
144571,194.1 ,1697370388153
144571,188.2 ,1697370388846
144571,194.1 ,1697370389537
144571,200.0 ,1697370390230
144571,194.1 ,1697370390923
144571,194.1 ,1697370391617
144571,200.0 ,1697370392308
144571,194.1 ,1697370392998
144571,200.0 ,1697370393691
144571,206.2 ,1697370394382
144571,212.5 ,1697370395071
144571,188.2 ,1697370395764
144571,188.2 ,1697370396457
144571,194.1 ,1697370397148
144571,194.1 ,1697370397838
144571,200.0 ,1697370398527
144571,194.1 ,1697370399220
144571,194.1 ,1697370399911
144571,194.1 ,1697370400600
144571,206.2 ,1697370401293
144571,205.9 ,1697370401986
144571,200.0 ,1697370402679
144571,200.0 ,1697370403372
144571,194.1 ,1697370404065
144571,200.0 ,1697370404758
144571,212.5 ,1697370405451
144571,194.1 ,1697370406144
144571,200.0 ,1697370406837
144571,218.8 ,1697370407531
144571,200.0 ,1697370408224
144571,194.1 ,1697370408916
144571,188.2 ,1697370409609
144571,206.2 ,1697370410301
144571,188.2 ,1697370410993
144571,205.9 ,1697370411686
144571,200.0 ,1697370412379
144571,206.2 ,1697370413072
144571,194.1 ,1697370413765
144571,194.1 ,1697370414458
144571,188.2 ,1697370415148
144571,200.0 ,1697370415841
144571,200.0 ,1697370416533
144571,194.1 ,1697370417226
144571,194.1 ,1697370417918
144571,206.2 ,1697370418611
144571,194.1 ,1697370419304
144571,194.1 ,1697370419997
144571,188.2 ,1697370420689
144571,206.2 ,1697370421382
144571,194.1 ,1697370422074
144571,194.1 ,1697370422767
144571,194.1 ,1697370423459
144571,206.2 ,1697370424152
144571,194.1 ,1697370424844
144571,200.0 ,1697370425537
144571,200.0 ,1697370426230
144571,212.5 ,1697370426923
144571,194.1 ,1697370427616
144571,194.1 ,1697370428308
144571,206.2 ,1697370429002
144571,194.1 ,1697370429696
144571,194.1 ,1697370430388
144571,200.0 ,1697370431081
144571,194.1 ,1697370431775
144571,188.2 ,1697370432466
144571,194.1 ,1697370433155
144571,194.1 ,1697370433848
144571,206.2 ,1697370434541
144571,206.2 ,1697370435233
144571,194.1 ,1697370435926
144571,194.1 ,1697370436619
144571,206.2 ,1697370437311
144571,205.9 ,1697370438003
144571,188.2 ,1697370438696
144571,194.1 ,1697370439389
144571,206.2 ,1697370440082
144571,200.0 ,1697370440775
144571,194.1 ,1697370441468
144571,206.2 ,1697370442161
144571,188.2 ,1697370442854
144571,200.0 ,1697370443546
144571,188.2 ,1697370444239
144571,206.2 ,1697370444932
144571,188.2 ,1697370445625
144571,194.1 ,1697370446318
144571,212.5 ,1697370447011
144571,188.2 ,1697370447704
144571,188.2 ,1697370448397
144571,200.0 ,1697370449090
144571,206.2 ,1697370449783
144571,188.2 ,1697370450476
144571,194.1 ,1697370451169
144571,212.5 ,1697370451862
144571,188.2 ,1697370452555
144571,194.1 ,1697370453248
144571,194.1 ,1697370453939
144571,194.1 ,1697370454628
144571,206.2 ,1697370455316
144571,206.2 ,1697370456004
144571,206.2 ,1697370456692
144571,194.1 ,1697370457380
144571,188.2 ,1697370458067
144571,194.1 ,1697370458756
144571,206.2 ,1697370459443
144571,206.2 ,1697370460131
144571,200.0 ,1697370460820
144571,206.2 ,1697370461512
144571,188.2 ,1697370462204
144571,194.1 ,1697370462897
144571,194.1 ,1697370463589
144571,206.2 ,1697370464282
144571,188.2 ,1697370464975
144571,194.1 ,1697370465667
144571,194.1 ,1697370466360
144571,200.0 ,1697370467053
144571,194.1 ,1697370467747
144571,194.1 ,1697370468440
144571,206.2 ,1697370469132
144571,188.2 ,1697370469825
144571,194.1 ,1697370470518
144571,206.2 ,1697370471211
144571,182.4 ,1697370471904
144571,194.1 ,1697370472598
144571,206.2 ,1697370473291
144571,194.1 ,1697370473985
144571,194.1 ,1697370474678
144571,106.2 ,1697370475371
144571,100.0 ,1697370476063
144571,100.0 ,1697370476753
144571,100.0 ,1697370477443
144571,100.0 ,1697370478132
144571,94.1 ,1697370478824
144571,100.0 ,1697370479515
144571,7616 ,1697370480237
144571,1712 ,1697370480984
144571,1541 ,1697370481679
144571,1718 ,1697370482376
144571,1706 ,1697370483074
144571,1635 ,1697370483768
144571,1518 ,1697370484463
144571,1506 ,1697370485159
144571,1494 ,1697370485856
144571,1506 ,1697370486553
144571,1682 ,1697370487250
144571,1682 ,1697370487947
144571,1694 ,1697370488646
144571,1788 ,1697370489341
144571,1518 ,1697370490037
144571,1494 ,1697370490734
144571,1719 ,1697370491431
144571,1582 ,1697370492128
144571,1606 ,1697370492824
144571,1682 ,1697370493521
144571,1682 ,1697370494218
144571,1676 ,1697370494918
144571,1744 ,1697370495612
144571,1506 ,1697370496309
144571,1494 ,1697370497006
144571,1688 ,1697370497703
144571,1676 ,1697370498400
144571,1682 ,1697370499095
144571,1641 ,1697370499792
144571,1488 ,1697370500489
144571,1506 ,1697370501187
144571,1682 ,1697370501884
144571,1788 ,1697370502581
144571,1700 ,1697370503277
144571,1694 ,1697370503973
144571,1665 ,1697370504669
144571,1518 ,1697370505365
144571,1500 ,1697370506063
144571,1506 ,1697370506759
144571,1547 ,1697370507457
144571,1688 ,1697370508153
144571,1682 ,1697370508850
144571,1659 ,1697370509548
144571,1494 ,1697370510245
144571,1488 ,1697370510943
144571,1588 ,1697370511640
144571,1653 ,1697370512336
144571,1565 ,1697370513035
144571,1435 ,1697370513733
144571,1671 ,1697370514430
144571,100.0 ,1697370515125
144571,188.2 ,1697370515816
144571,200.0 ,1697370516505
144571,206.2 ,1697370517193
144571,182.4 ,1697370517879
144571,194.1 ,1697370518567
144571,188.2 ,1697370519258
144571,194.1 ,1697370519949
144571,188.2 ,1697370520640
144571,188.2 ,1697370521330
144571,188.2 ,1697370522020
144571,188.2 ,1697370522710
144571,188.2 ,1697370523401
144571,193.8 ,1697370524091
144571,188.2 ,1697370524781
144571,206.2 ,1697370525471
144571,200.0 ,1697370526161
144571,206.2 ,1697370526851
144571,200.0 ,1697370527543
144571,200.0 ,1697370528234
144571,193.8 ,1697370528924
144571,193.8 ,1697370529614
144571,188.2 ,1697370530304
144571,194.1 ,1697370530996
144571,200.0 ,1697370531687
144571,194.1 ,1697370532380
144571,200.0 ,1697370533071
144571,200.0 ,1697370533761
144571,212.5 ,1697370534452
144571,206.2 ,1697370535143
144571,200.0 ,1697370535834
144571,200.0 ,1697370536524
144571,206.2 ,1697370537212
144571,200.0 ,1697370537901
144571,200.0 ,1697370538594
144571,200.0 ,1697370539284
144571,193.8 ,1697370539973
144571,193.8 ,1697370540662
144571,188.2 ,1697370541350
144571,188.2 ,1697370542040
144571,188.2 ,1697370542728
144571,188.2 ,1697370543418
144571,182.4 ,1697370544108
144571,188.2 ,1697370544796
144571,188.2 ,1697370545486
144571,200.0 ,1697370546175
144571,200.0 ,1697370546863
144571,200.0 ,1697370547552
144571,194.1 ,1697370548240
144571,182.4 ,1697370548928
144571,194.1 ,1697370549616
144571,200.0 ,1697370550305
144571,200.0 ,1697370550993
144571,188.2 ,1697370551681
144571,194.1 ,1697370552370
144571,194.1 ,1697370553059
144571,188.2 ,1697370553747
144571,188.2 ,1697370554436
144571,100.0 ,1697370555125
144571,100.0 ,1697370555812
144571,100.0 ,1697370556501
144571,100.0 ,1697370557193
144571,94.1 ,1697370557885
144571,94.1 ,1697370558577
144571,400.0 ,1697370559266
144571,405.9 ,1697370559959
144571,452.9 ,1697370560654
144571,400.0 ,1697370561347
144571,443.8 ,1697370562041
144571,429.4 ,1697370562734
144571,447.1 ,1697370563428
144571,417.6 ,1697370564123
144571,411.8 ,1697370564818
144571,431.2 ,1697370565511
144571,441.2 ,1697370566205
144571,423.5 ,1697370566898
144571,437.5 ,1697370567592
144571,417.6 ,1697370568286
144571,423.5 ,1697370568980
144571,411.8 ,1697370569675
144571,388.2 ,1697370570368
144571,443.8 ,1697370571062
144571,429.4 ,1697370571755
144571,411.8 ,1697370572447
144571,429.4 ,1697370573139
144571,429.4 ,1697370573834
144571,405.9 ,1697370574528
144571,437.5 ,1697370575221
144571,417.6 ,1697370575914
144571,411.8 ,1697370576608
144571,405.9 ,1697370577299
144571,406.2 ,1697370577991
144571,400.0 ,1697370578685
144571,417.6 ,1697370579378
144571,405.9 ,1697370580069
144571,437.5 ,1697370580761
144571,437.5 ,1697370581453
144571,547.1 ,1697370582145
144571,429.4 ,1697370582837
144571,464.7 ,1697370583529
144571,456.2 ,1697370584221
144571,423.5 ,1697370584915
144571,411.8 ,1697370585607
144571,431.2 ,1697370586302
144571,417.6 ,1697370586995
144571,376.5 ,1697370587699
144571,425.0 ,1697370588392
144571,394.1 ,1697370589084
144571,452.9 ,1697370589777
144571,435.3 ,1697370590469
144571,443.8 ,1697370591161
144571,100.0 ,1697370591854
144571,100.0 ,1697370592547
144571,100.0 ,1697370593238
144571,94.1 ,1697370593930
144571,100.0 ,1697370594619
144571,94.1 ,1697370595310
144571,94.1 ,1697370595999
144571,100.0 ,1697370596687
144571,100.0 ,1697370597380
144571,94.1 ,1697370598069
144571,106.2 ,1697370598762
144571,94.1 ,1697370599455
144571,94.1 ,1697370600146
144571,94.1 ,1697370600839
144571,94.1 ,1697370601528
144571,100.0 ,1697370602215
144571,94.1 ,1697370602908
144571,94.1 ,1697370603597
144571,94.1 ,1697370604290
144571,106.2 ,1697370604982
144571,106.2 ,1697370605671
144571,100.0 ,1697370606364
144571,94.1 ,1697370607057
144571,100.0 ,1697370607746
144571,94.1 ,1697370608438
144571,100.0 ,1697370609129
144571,94.1 ,1697370609816
144571,100.0 ,1697370610509
144571,94.1 ,1697370611198
144571,106.2 ,1697370611891
144571,100.0 ,1697370612584
144571,100.0 ,1697370613273
144571,94.1 ,1697370613965
144571,100.0 ,1697370614654
144571,100.0 ,1697370615342
144571,106.2 ,1697370616034
144571,106.2 ,1697370616723
144571,100.0 ,1697370617415
144571,100.0 ,1697370618107
144571,100.0 ,1697370618798
144571,94.1 ,1697370619491
144571,106.2 ,1697370620180
144571,100.0 ,1697370620868
144571,100.0 ,1697370621560
144571,106.2 ,1697370622251
144571,100.0 ,1697370622943
144571,100.0 ,1697370623636
144571,100.0 ,1697370624328
144571,106.2 ,1697370625021
144571,100.0 ,1697370625714
144571,106.2 ,1697370626401
144571,106.2 ,1697370627094
144571,94.1 ,1697370627784
144571,100.0 ,1697370628477
144571,94.1 ,1697370629169
144571,105.9 ,1697370629858
144571,94.1 ,1697370630550
144571,106.2 ,1697370631242
144571,94.1 ,1697370631934
144571,100.0 ,1697370632627
144571,94.1 ,1697370633319
144571,106.2 ,1697370634012
144571,100.0 ,1697370634705
144571,100.0 ,1697370635397
144571,94.1 ,1697370636091
144571,94.1 ,1697370636786
144571,94.1 ,1697370637477
144571,100.0 ,1697370638170
144571,94.1 ,1697370638863
144571,94.1 ,1697370639557
144571,94.1 ,1697370640250
144571,100.0 ,1697370640941
144571,100.0 ,1697370641634
144571,100.0 ,1697370642324
144571,100.0 ,1697370643010
144571,106.2 ,1697370643702
144571,100.0 ,1697370644392
144571,100.0 ,1697370645084
144571,100.0 ,1697370645777
144571,100.0 ,1697370646466
144571,100.0 ,1697370647152
144571,106.2 ,1697370647844
144571,100.0 ,1697370648533
144571,100.0 ,1697370649225
144571,100.0 ,1697370649914
144571,106.2 ,1697370650601
144571,106.2 ,1697370651293
144571,100.0 ,1697370651983
144571,100.0 ,1697370652670
144571,100.0 ,1697370653364
144571,106.2 ,1697370654052
144571,106.2 ,1697370654744
144571,100.0 ,1697370655433
144571,94.1 ,1697370656120
144571,106.2 ,1697370656813
144571,106.2 ,1697370657502
144571,100.0 ,1697370658195
144571,100.0 ,1697370658888
144571,106.2 ,1697370659581
144571,100.0 ,1697370660275
144571,100.0 ,1697370660967
144571,94.1 ,1697370661655
144571,94.1 ,1697370662348
144571,100.0 ,1697370663040
144571,100.0 ,1697370663733
144571,94.1 ,1697370664426
144571,100.0 ,1697370665115
144571,94.1 ,1697370665808
144571,94.1 ,1697370666498
144571,88.2 ,1697370667185
144571,94.1 ,1697370667877
144571,94.1 ,1697370668566
144571,94.1 ,1697370669259
144571,94.1 ,1697370669951
144571,100.0 ,1697370670640
144571,106.2 ,1697370671333
144571,100.0 ,1697370672025
144571,94.1 ,1697370672714
144571,94.1 ,1697370673407
144571,100.0 ,1697370674096
144571,94.1 ,1697370674789
144571,106.2 ,1697370675481
144571,94.1 ,1697370676171
144571,100.0 ,1697370676864
144571,100.0 ,1697370677556
144571,94.1 ,1697370678249
144571,100.0 ,1697370678941
144571,100.0 ,1697370679631
144571,100.0 ,1697370680323
144571,94.1 ,1697370681016
144571,100.0 ,1697370681705
144571,100.0 ,1697370682398
144571,100.0 ,1697370683091
144571,100.0 ,1697370683781
144571,100.0 ,1697370684475
144571,100.0 ,1697370685168
144571,94.1 ,1697370685861
144571,94.1 ,1697370686554
144571,94.1 ,1697370687244
144571,100.0 ,1697370687937
144571,94.1 ,1697370688630
144571,100.0 ,1697370689319
144571,100.0 ,1697370690011
144571,94.1 ,1697370690701
144571,106.2 ,1697370691393
144571,94.1 ,1697370692086
144571,100.0 ,1697370692775
144571,94.1 ,1697370693468
144571,100.0 ,1697370694157
144571,100.0 ,1697370694844
144571,94.1 ,1697370695537
144571,94.1 ,1697370696226
144571,94.1 ,1697370696918
144571,94.1 ,1697370697610
144571,100.0 ,1697370698300
144571,106.2 ,1697370698993
144571,100.0 ,1697370699685
144571,100.0 ,1697370700374
144571,94.1 ,1697370701066
144571,100.0 ,1697370701755
144571,100.0 ,1697370702447
144571,94.1 ,1697370703140
144571,94.1 ,1697370703829
144571,106.2 ,1697370704522
144571,100.0 ,1697370705215
144571,106.2 ,1697370705904
144571,100.0 ,1697370706596
144571,94.1 ,1697370707285
144571,100.0 ,1697370707978
144571,100.0 ,1697370708671
144571,94.1 ,1697370709360
144571,100.0 ,1697370710053
144571,100.0 ,1697370710746
144571,100.0 ,1697370711435
144571,100.0 ,1697370712128
144571,94.1 ,1697370712819
144571,106.2 ,1697370713512
144571,94.1 ,1697370714205
144571,94.1 ,1697370714894
144571,94.1 ,1697370715587
144571,94.1 ,1697370716277
144571,106.2 ,1697370716963
144571,100.0 ,1697370717656
144571,94.1 ,1697370718345
144571,94.1 ,1697370719037
144571,94.1 ,1697370719730
144571,100.0 ,1697370720418
144571,100.0 ,1697370721106
144571,100.0 ,1697370721793
144571,100.0 ,1697370722479
144571,106.2 ,1697370723172
144571,100.0 ,1697370723861
144571,106.2 ,1697370724554
144571,94.1 ,1697370725246
144571,106.2 ,1697370725936
144571,100.0 ,1697370726626
144571,94.1 ,1697370727320
144571,100.0 ,1697370728010
144571,106.2 ,1697370728703
144571,106.2 ,1697370729393
144571,94.1 ,1697370730080
144571,106.2 ,1697370730773
144571,112.5 ,1697370731462
144571,100.0 ,1697370732155
144571,94.1 ,1697370732847
144571,94.1 ,1697370733537
144571,94.1 ,1697370734229
144571,94.1 ,1697370734919
144571,94.1 ,1697370735605
144571,100.0 ,1697370736298
144571,100.0 ,1697370736987
144571,100.0 ,1697370737679
144571,100.0 ,1697370738371
144571,100.0 ,1697370739061
144571,106.2 ,1697370739753
144571,106.2 ,1697370740442
144571,100.0 ,1697370741128
144571,100.0 ,1697370741821
144571,100.0 ,1697370742510
144571,100.0 ,1697370743202
144571,105.9 ,1697370743895
144571,100.0 ,1697370744587
144571,94.1 ,1697370745280
144571,106.2 ,1697370745971
144571,100.0 ,1697370746657
144571,94.1 ,1697370747350
144571,100.0 ,1697370748039
144571,106.2 ,1697370748731
144571,106.2 ,1697370749424
144571,100.0 ,1697370750113
144571,100.0 ,1697370750806
144571,100.0 ,1697370751499
144571,100.0 ,1697370752188
144571,94.1 ,1697370752881
144571,94.1 ,1697370753569
144571,106.2 ,1697370754262
144571,106.2 ,1697370754954
144571,106.2 ,1697370755643
144571,100.0 ,1697370756336
144571,94.1 ,1697370757029
144571,94.1 ,1697370757718
144571,94.1 ,1697370758410
144571,100.0 ,1697370759099
144571,106.2 ,1697370759792
144571,106.2 ,1697370760484
144571,106.2 ,1697370761173
144571,94.1 ,1697370761866
144571,100.0 ,1697370762558
144571,94.1 ,1697370763247
144571,100.0 ,1697370763940
144571,100.0 ,1697370764629
144571,100.0 ,1697370765322
144571,106.2 ,1697370766014
144571,112.5 ,1697370766703
144571,94.1 ,1697370767396
144571,94.1 ,1697370768087
144571,100.0 ,1697370768777
144571,100.0 ,1697370769467
144571,94.1 ,1697370770157
144571,100.0 ,1697370770848
144571,94.1 ,1697370771537
144571,94.1 ,1697370772229
144571,106.2 ,1697370772922
144571,100.0 ,1697370773611
144571,105.9 ,1697370774298
144571,100.0 ,1697370774991
144571,100.0 ,1697370775680
144571,106.2 ,1697370776373
144571,100.0 ,1697370777065
144571,94.1 ,1697370777755
144571,94.1 ,1697370778447
144571,106.2 ,1697370779136
144571,106.2 ,1697370779823
144571,94.1 ,1697370780516
144571,100.0 ,1697370781207
144571,100.0 ,1697370781899
144571,106.2 ,1697370782591
144571,100.0 ,1697370783281
144571,94.1 ,1697370783968
144571,94.1 ,1697370784660
144571,100.0 ,1697370785348
144571,100.0 ,1697370786040
144571,94.1 ,1697370786729
144571,100.0 ,1697370787417
144571,100.0 ,1697370788109
144571,94.1 ,1697370788797
144571,100.0 ,1697370789489
144571,100.0 ,1697370790181
144571,94.1 ,1697370790870
144571,106.2 ,1697370791561
144571,100.0 ,1697370792251
144571,100.0 ,1697370792938
144571,100.0 ,1697370793629
144571,94.1 ,1697370794317
144571,100.0 ,1697370795009
144571,100.0 ,1697370795701
144571,100.0 ,1697370796391
144571,100.0 ,1697370797083
144571,106.2 ,1697370797774
144571,100.0 ,1697370798462
144571,100.0 ,1697370799153
144571,106.2 ,1697370799843
144571,94.1 ,1697370800535
144571,94.1 ,1697370801226
144571,100.0 ,1697370801916
144571,100.0 ,1697370802609
144571,94.1 ,1697370803298
144571,94.1 ,1697370803986
144571,100.0 ,1697370804679
144571,112.5 ,1697370805372
144571,94.1 ,1697370806064
144571,94.1 ,1697370806756
144571,100.0 ,1697370807447
144571,94.1 ,1697370808138
144571,100.0 ,1697370808828
144571,100.0 ,1697370809516
144571,100.0 ,1697370810208
144571,100.0 ,1697370810898
144571,94.1 ,1697370811590
144571,100.0 ,1697370812282
144571,100.0 ,1697370812973
144571,100.0 ,1697370813665
144571,94.1 ,1697370814355
144571,94.1 ,1697370815044
144571,100.0 ,1697370815736
144571,100.0 ,1697370816426
144571,100.0 ,1697370817118
144571,94.1 ,1697370817810
144571,94.1 ,1697370818500
144571,106.2 ,1697370819192
144571,100.0 ,1697370819883
144571,100.0 ,1697370820573
144571,100.0 ,1697370821265
144571,100.0 ,1697370821955
144571,94.1 ,1697370822647
144571,100.0 ,1697370823338
144571,94.1 ,1697370824029
144571,100.0 ,1697370824720
144571,100.0 ,1697370825412
144571,106.2 ,1697370826102
144571,100.0 ,1697370826794
144571,100.0 ,1697370827484
144571,94.1 ,1697370828176
144571,100.0 ,1697370828867
144571,94.1 ,1697370829557
144571,94.1 ,1697370830249
144571,100.0 ,1697370830940
144571,94.1 ,1697370831630
144571,94.1 ,1697370832320
144571,94.1 ,1697370833008
144571,106.2 ,1697370833696
144571,100.0 ,1697370834382
144571,100.0 ,1697370835069
144571,94.1 ,1697370835756
144571,100.0 ,1697370836443
144571,100.0 ,1697370837131
144571,94.1 ,1697370837818
144571,100.0 ,1697370838505
144571,100.0 ,1697370839193
144571,94.1 ,1697370839879
144571,94.1 ,1697370840566
144571,100.0 ,1697370841253
144571,100.0 ,1697370841940
144571,94.1 ,1697370842627
144571,106.2 ,1697370843314
144571,100.0 ,1697370844001
144571,94.1 ,1697370844688
144571,100.0 ,1697370845375
144571,106.2 ,1697370846062
144571,94.1 ,1697370846749
144571,100.0 ,1697370847436
144571,106.2 ,1697370848125
144571,106.2 ,1697370848812
144571,94.1 ,1697370849499
144571,94.1 ,1697370850186
144571,106.2 ,1697370850873
144571,100.0 ,1697370851560
144571,94.1 ,1697370852247
144571,100.0 ,1697370852935
144571,100.0 ,1697370853622
144571,100.0 ,1697370854310
144571,100.0 ,1697370854996
144571,106.2 ,1697370855683
144571,94.1 ,1697370856370
144571,94.1 ,1697370857057
144571,106.2 ,1697370857744
144571,106.2 ,1697370858431
144571,100.0 ,1697370859118
144571,100.0 ,1697370859805
144571,100.0 ,1697370860492
144571,100.0 ,1697370861179
144571,88.2 ,1697370861866
144571,100.0 ,1697370862553
144571,100.0 ,1697370863240
144571,94.1 ,1697370863929
144571,100.0 ,1697370864620
144571,94.1 ,1697370865309
144571,94.1 ,1697370865997
144571,106.2 ,1697370866685
144571,106.2 ,1697370867372
144571,94.1 ,1697370868059
144571,100.0 ,1697370868746
144571,100.0 ,1697370869433
144571,100.0 ,1697370870120
144571,94.1 ,1697370870808
144571,100.0 ,1697370871494
144571,100.0 ,1697370872181
144571,94.1 ,1697370872868
144571,100.0 ,1697370873555
144571,100.0 ,1697370874242
144571,100.0 ,1697370874929
144571,100.0 ,1697370875616
144571,100.0 ,1697370876303
144571,94.1 ,1697370876990
144571,94.1 ,1697370877677
144571,94.1 ,1697370878365
144571,100.0 ,1697370879054
144571,106.2 ,1697370879743
144571,100.0 ,1697370880433
144571,100.0 ,1697370881123
144571,100.0 ,1697370881813
144571,100.0 ,1697370882504
144571,100.0 ,1697370883193
144571,100.0 ,1697370883882
144571,94.1 ,1697370884570
144571,94.1 ,1697370885258
144571,106.2 ,1697370885945
144571,106.2 ,1697370886633
144571,94.1 ,1697370887320
144571,100.0 ,1697370888007
144571,100.0 ,1697370888694
144571,100.0 ,1697370889382
144571,100.0 ,1697370890069
144571,100.0 ,1697370890756
144571,100.0 ,1697370891444
144571,100.0 ,1697370892133
144571,100.0 ,1697370892822
144571,100.0 ,1697370893510
144571,100.0 ,1697370894202
144571,106.2 ,1697370894892
144571,100.0 ,1697370895579
144571,100.0 ,1697370896271
144571,100.0 ,1697370896961
144571,100.0 ,1697370897653
144571,94.1 ,1697370898344
144571,100.0 ,1697370899035
144571,94.1 ,1697370899726
144571,100.0 ,1697370900419
144571,94.1 ,1697370901108
144571,94.1 ,1697370901800
144571,106.2 ,1697370902492
144571,106.2 ,1697370903183
144571,100.0 ,1697370903873
144571,100.0 ,1697370904564
144571,100.0 ,1697370905255
144571,100.0 ,1697370905945
144571,100.0 ,1697370906633
144571,100.0 ,1697370907325
144571,94.1 ,1697370908015
144571,94.1 ,1697370908707
144571,94.1 ,1697370909398
144571,100.0 ,1697370910089
144571,94.1 ,1697370910781
144571,100.0 ,1697370911472
144571,100.0 ,1697370912162
144571,100.0 ,1697370912854
144571,106.2 ,1697370913544
144571,100.0 ,1697370914235
144571,100.0 ,1697370914926
144571,94.1 ,1697370915616
144571,105.9 ,1697370916308
144571,100.0 ,1697370916999
144571,100.0 ,1697370917689
144571,100.0 ,1697370918381
144571,100.0 ,1697370919071
144571,106.2 ,1697370919763
144571,94.1 ,1697370920454
144571,100.0 ,1697370921145
144571,100.0 ,1697370921836
144571,100.0 ,1697370922526
144571,94.1 ,1697370923215
144571,105.9 ,1697370923907
144571,100.0 ,1697370924599
144571,100.0 ,1697370925292
144571,100.0 ,1697370925983
144571,100.0 ,1697370926674
144571,100.0 ,1697370927366
144571,100.0 ,1697370928057
144571,100.0 ,1697370928748
144571,100.0 ,1697370929440
144571,94.1 ,1697370930130
144571,106.2 ,1697370930822
144571,100.0 ,1697370931513
144571,94.1 ,1697370932205
144571,100.0 ,1697370932897
144571,100.0 ,1697370933589
144571,100.0 ,1697370934279
144571,100.0 ,1697370934972
144571,94.1 ,1697370935664
144571,94.1 ,1697370936356
144571,94.1 ,1697370937048
144571,94.1 ,1697370937738
144571,100.0 ,1697370938430
144571,94.1 ,1697370939126
144571,94.1 ,1697370939816
144571,100.0 ,1697370940508
144571,100.0 ,1697370941199
144571,94.1 ,1697370941890
144571,100.0 ,1697370942581
144571,106.2 ,1697370943271
144571,100.0 ,1697370943963
144571,94.1 ,1697370944654
144571,100.0 ,1697370945344
144571,100.0 ,1697370946035
144571,100.0 ,1697370946726
144571,100.0 ,1697370947414
144571,100.0 ,1697370948105
144571,94.1 ,1697370948796
144571,100.0 ,1697370949487
144571,94.1 ,1697370950177
144571,105.9 ,1697370950868
144571,100.0 ,1697370951559
144571,100.0 ,1697370952251
144571,94.1 ,1697370952940
144571,106.2 ,1697370953631
144571,106.2 ,1697370954321
144571,106.2 ,1697370955013
144571,100.0 ,1697370955704
144571,100.0 ,1697370956394
144571,94.1 ,1697370957085
144571,94.1 ,1697370957775
144571,94.1 ,1697370958466
144571,94.1 ,1697370959157
144571,94.1 ,1697370959848
144571,100.0 ,1697370960540
144571,106.2 ,1697370961231
144571,100.0 ,1697370961922
144571,106.2 ,1697370962614
144571,100.0 ,1697370963303
144571,100.0 ,1697370963991
144571,100.0 ,1697370964682
144571,100.0 ,1697370965373
144571,94.1 ,1697370966065
144571,100.0 ,1697370966756
144571,94.1 ,1697370967447
144571,94.1 ,1697370968138
144571,94.1 ,1697370968829
144571,105.9 ,1697370969519
144571,94.1 ,1697370970211
144571,106.2 ,1697370970902
144571,100.0 ,1697370971594
144571,100.0 ,1697370972285
144571,94.1 ,1697370972975
144571,100.0 ,1697370973667
144571,94.1 ,1697370974358
144571,94.1 ,1697370975049
144571,94.1 ,1697370975741
144571,100.0 ,1697370976432
144571,100.0 ,1697370977124
144571,100.0 ,1697370977815
144571,100.0 ,1697370978505
144571,100.0 ,1697370979197
144571,100.0 ,1697370979887
144571,100.0 ,1697370980575
144571,94.1 ,1697370981267
144571,100.0 ,1697370981958
144571,94.1 ,1697370982649
144571,100.0 ,1697370983340
144571,100.0 ,1697370984031
144571,94.1 ,1697370984723
144571,94.1 ,1697370985415
144571,94.1 ,1697370986104
144571,94.1 ,1697370986796
144571,94.1 ,1697370987486
144571,100.0 ,1697370988178
144571,100.0 ,1697370988869
144571,100.0 ,1697370989560
144571,100.0 ,1697370990252
144571,100.0 ,1697370990942
144571,100.0 ,1697370991630
144571,106.2 ,1697370992321
144571,106.2 ,1697370993012
144571,106.2 ,1697370993704
144571,94.1 ,1697370994395
144571,100.0 ,1697370995085
144571,94.1 ,1697370995785
144571,94.1 ,1697370996476
144571,100.0 ,1697370997166
144571,100.0 ,1697370997858
144571,94.1 ,1697370998549
144571,100.0 ,1697370999241
144571,106.2 ,1697370999932
144571,100.0 ,1697371000622
144571,94.1 ,1697371001314
144571,100.0 ,1697371002004
144571,100.0 ,1697371002693
144571,94.1 ,1697371003385
144571,94.1 ,1697371004078
144571,94.1 ,1697371004768
144571,100.0 ,1697371005460
144571,94.1 ,1697371006151
144571,106.2 ,1697371006843
144571,100.0 ,1697371007535
144571,94.1 ,1697371008226
144571,100.0 ,1697371008914
144571,100.0 ,1697371009602
144571,100.0 ,1697371010290
144571,94.1 ,1697371010978
144571,94.1 ,1697371011666
144571,94.1 ,1697371012357
144571,94.1 ,1697371013050
144571,94.1 ,1697371013739
144571,106.2 ,1697371014432
144571,100.0 ,1697371015123
144571,100.0 ,1697371015811
144571,100.0 ,1697371016500
144571,100.0 ,1697371017187
144571,94.1 ,1697371017876
144571,100.0 ,1697371018568
144571,94.1 ,1697371019258
144571,100.0 ,1697371019947
144571,94.1 ,1697371020638
144571,94.1 ,1697371021327
144571,100.0 ,1697371022017
144571,94.1 ,1697371022705
144571,100.0 ,1697371023397
144571,94.1 ,1697371024089
144571,94.1 ,1697371024780
144571,106.2 ,1697371025472
144571,100.0 ,1697371026163
144571,100.0 ,1697371026851
144571,94.1 ,1697371027539
144571,100.0 ,1697371028226
144571,93.8 ,1697371028914
144571,106.2 ,1697371029601
144571,100.0 ,1697371030291
144571,94.1 ,1697371030979
144571,94.1 ,1697371031669
144571,100.0 ,1697371032357
144571,100.0 ,1697371033044
144571,100.0 ,1697371033731
144571,94.1 ,1697371034419
144571,94.1 ,1697371035107
144571,100.0 ,1697371035796
144571,100.0 ,1697371036485
144571,100.0 ,1697371037173
144571,94.1 ,1697371037865
144571,100.0 ,1697371038557
144571,100.0 ,1697371039248
144571,94.1 ,1697371039940
144571,94.1 ,1697371040630
144571,94.1 ,1697371041317
144571,94.1 ,1697371042009
144571,94.1 ,1697371042700
144571,112.5 ,1697371043392
144571,94.1 ,1697371044083
144571,105.9 ,1697371044775
144571,100.0 ,1697371045468
144571,94.1 ,1697371046160
144571,100.0 ,1697371046851
144571,100.0 ,1697371047542
144571,106.2 ,1697371048233
144571,106.2 ,1697371048922
144571,100.0 ,1697371049613
144571,100.0 ,1697371050304
144571,100.0 ,1697371050995
144571,94.1 ,1697371051687
144571,100.0 ,1697371052378
144571,94.1 ,1697371053069
144571,94.1 ,1697371053760
144571,94.1 ,1697371054449
144571,100.0 ,1697371055141
144571,106.2 ,1697371055831
144571,106.2 ,1697371056523
144571,94.1 ,1697371057214
144571,94.1 ,1697371057906
144571,100.0 ,1697371058598
144571,100.0 ,1697371059289
144571,94.1 ,1697371059977
144571,94.1 ,1697371060668
144571,94.1 ,1697371061359
144571,94.1 ,1697371062050
144571,100.0 ,1697371062741
144571,106.2 ,1697371063432
144571,106.2 ,1697371064123
144571,100.0 ,1697371064814
144571,106.2 ,1697371065502
144571,100.0 ,1697371066194
144571,100.0 ,1697371066884
144571,100.0 ,1697371067576
144571,100.0 ,1697371068267
144571,100.0 ,1697371068959
144571,106.2 ,1697371069651
144571,106.2 ,1697371070343
144571,100.0 ,1697371071033
144571,100.0 ,1697371071724
144571,100.0 ,1697371072416
144571,94.1 ,1697371073108
144571,94.1 ,1697371073799
144571,100.0 ,1697371074489
144571,94.1 ,1697371075181
144571,100.0 ,1697371075872
144571,100.0 ,1697371076562
144571,100.0 ,1697371077253
144571,100.0 ,1697371077944
144571,100.0 ,1697371078635
144571,94.1 ,1697371079326
144571,94.1 ,1697371080016
144571,94.1 ,1697371080709
144571,100.0 ,1697371081399
144571,100.0 ,1697371082088
144571,100.0 ,1697371082779
144571,94.1 ,1697371083469
144571,100.0 ,1697371084158
144571,94.1 ,1697371084850
144571,100.0 ,1697371085539
144571,106.2 ,1697371086231
144571,100.0 ,1697371086922
144571,94.1 ,1697371087610
144571,100.0 ,1697371088301
144571,106.2 ,1697371088992
144571,106.2 ,1697371089683
144571,100.0 ,1697371090375
144571,94.1 ,1697371091065
144571,100.0 ,1697371091757
144571,100.0 ,1697371092448
144571,94.1 ,1697371093136
144571,100.0 ,1697371093827
144571,100.0 ,1697371094518
144571,94.1 ,1697371095209
144571,94.1 ,1697371095900
144571,100.0 ,1697371096591
144571,100.0 ,1697371097282
144571,94.1 ,1697371097973
144571,94.1 ,1697371098664
144571,100.0 ,1697371099356
144571,94.1 ,1697371100046
144571,94.1 ,1697371100738
144571,100.0 ,1697371101429
144571,94.1 ,1697371102119
144571,100.0 ,1697371102811
144571,106.2 ,1697371103501
144571,94.1 ,1697371104190
144571,112.5 ,1697371104882
144571,100.0 ,1697371105575
144571,94.1 ,1697371106267
144571,94.1 ,1697371106958
144571,100.0 ,1697371107648
144571,100.0 ,1697371108340
144571,94.1 ,1697371109030
144571,94.1 ,1697371109718
144571,94.1 ,1697371110409
144571,100.0 ,1697371111099
144571,100.0 ,1697371111791
144571,100.0 ,1697371112482
144571,100.0 ,1697371113172
144571,100.0 ,1697371113862
144571,100.0 ,1697371114552
144571,94.1 ,1697371115240
144571,100.0 ,1697371115931
144571,106.2 ,1697371116622
144571,100.0 ,1697371117314
144571,94.1 ,1697371118005
144571,100.0 ,1697371118696
144571,100.0 ,1697371119387
144571,94.1 ,1697371120078
144571,94.1 ,1697371120769
144571,100.0 ,1697371121460
144571,106.2 ,1697371122151
144571,100.0 ,1697371122840
144571,100.0 ,1697371123531
144571,100.0 ,1697371124222
144571,100.0 ,1697371124914
144571,94.1 ,1697371125605
144571,100.0 ,1697371126295
144571,100.0 ,1697371126987
144571,94.1 ,1697371127677
144571,94.1 ,1697371128365
144571,94.1 ,1697371129057
144571,94.1 ,1697371129747
144571,94.1 ,1697371130438
144571,94.1 ,1697371131129
144571,100.0 ,1697371131820
144571,100.0 ,1697371132512
144571,100.0 ,1697371133204
144571,100.0 ,1697371133893
144571,100.0 ,1697371134584
144571,94.1 ,1697371135274
144571,100.0 ,1697371135966
144571,94.1 ,1697371136658
144571,94.1 ,1697371137348
144571,94.1 ,1697371138040
144571,100.0 ,1697371138731
144571,100.0 ,1697371139420
144571,100.0 ,1697371140112
144571,94.1 ,1697371140804
144571,94.1 ,1697371141496
144571,94.1 ,1697371142188
144571,94.1 ,1697371142879
144571,94.1 ,1697371143570
144571,100.0 ,1697371144262
144571,106.2 ,1697371144952
144571,94.1 ,1697371145644
144571,100.0 ,1697371146335
144571,94.1 ,1697371147027
144571,94.1 ,1697371147718
144571,100.0 ,1697371148409
144571,100.0 ,1697371149101
144571,106.2 ,1697371149792
144571,100.0 ,1697371150482
144571,100.0 ,1697371151173
144571,100.0 ,1697371151864
144571,94.1 ,1697371152556
144571,94.1 ,1697371153247
144571,94.1 ,1697371153938
144571,100.0 ,1697371154630
144571,94.1 ,1697371155319
144571,94.1 ,1697371156007
144571,94.1 ,1697371156698
144571,94.1 ,1697371157387
144571,94.1 ,1697371158079
144571,100.0 ,1697371158769
144571,94.1 ,1697371159458
144571,94.1 ,1697371160151
144571,100.0 ,1697371160841
144571,100.0 ,1697371161532
144571,106.2 ,1697371162224
144571,94.1 ,1697371162914
144571,94.1 ,1697371163606
144571,94.1 ,1697371164298
144571,100.0 ,1697371164990
144571,100.0 ,1697371165682
144571,106.2 ,1697371166373
144571,105.9 ,1697371167060
144571,106.2 ,1697371167751
144571,106.2 ,1697371168441
144571,106.2 ,1697371169132
144571,106.2 ,1697371169823
144571,106.2 ,1697371170512
144571,100.0 ,1697371171204
144571,100.0 ,1697371171893
144571,94.1 ,1697371172580
144571,100.0 ,1697371173271
144571,94.1 ,1697371173961
144571,106.2 ,1697371174652
144571,106.2 ,1697371175343
144571,106.2 ,1697371176032
144571,100.0 ,1697371176724
144571,100.0 ,1697371177416
144571,100.0 ,1697371178102
144571,100.0 ,1697371178793
144571,106.2 ,1697371179482
144571,106.2 ,1697371180174
144571,94.1 ,1697371180865
144571,100.0 ,1697371181554
144571,94.1 ,1697371182240
144571,100.0 ,1697371182932
144571,100.0 ,1697371183620
144571,106.2 ,1697371184312
144571,100.0 ,1697371185001
144571,100.0 ,1697371185688
144571,94.1 ,1697371186379
144571,100.0 ,1697371187068
144571,100.0 ,1697371187759
144571,94.1 ,1697371188451
144571,100.0 ,1697371189141
144571,106.2 ,1697371189832
144571,94.1 ,1697371190521
144571,100.0 ,1697371191208
144571,94.1 ,1697371191899
144571,100.0 ,1697371192589
144571,100.0 ,1697371193281
144571,106.2 ,1697371193972
144571,106.2 ,1697371194661
144571,100.0 ,1697371195353
144571,100.0 ,1697371196043
144571,106.2 ,1697371196731
144571,100.0 ,1697371197423
144571,100.0 ,1697371198112
144571,100.0 ,1697371198805
144571,100.0 ,1697371199494
144571,106.2 ,1697371200181
144571,100.0 ,1697371200873
144571,106.2 ,1697371201562
144571,100.0 ,1697371202248
144571,100.0 ,1697371202940
144571,94.1 ,1697371203629
144571,94.1 ,1697371204321
144571,100.0 ,1697371205009
144571,100.0 ,1697371205695
144571,100.0 ,1697371206382
144571,100.0 ,1697371207068
144571,106.2 ,1697371207754
144571,94.1 ,1697371208440
144571,100.0 ,1697371209126
144571,106.2 ,1697371209812
144571,94.1 ,1697371210498
144571,100.0 ,1697371211184
144571,94.1 ,1697371211871
144571,100.0 ,1697371212558
144571,100.0 ,1697371213244
144571,94.1 ,1697371213931
144571,94.1 ,1697371214618
144571,100.0 ,1697371215306
144571,106.2 ,1697371215992
144571,94.1 ,1697371216679
144571,106.2 ,1697371217365
144571,100.0 ,1697371218053
144571,94.1 ,1697371218739
144571,106.2 ,1697371219426
144571,100.0 ,1697371220112
144571,94.1 ,1697371220799
144571,106.2 ,1697371221485
144571,94.1 ,1697371222171
144571,94.1 ,1697371222857
144571,100.0 ,1697371223543
144571,106.2 ,1697371224231
144571,94.1 ,1697371224925
144571,100.0 ,1697371225617
144571,100.0 ,1697371226310
144571,100.0 ,1697371226999
144571,94.1 ,1697371227686
144571,94.1 ,1697371228378
144571,100.0 ,1697371229067
144571,94.1 ,1697371229759
144571,94.1 ,1697371230449
144571,100.0 ,1697371231139
144571,94.1 ,1697371231830
144571,94.1 ,1697371232520
144571,94.1 ,1697371233206
144571,94.1 ,1697371233897
144571,100.0 ,1697371234587
144571,94.1 ,1697371235278
144571,94.1 ,1697371235969
144571,94.1 ,1697371236658
144571,94.1 ,1697371237349
144571,100.0 ,1697371238038
144571,94.1 ,1697371238725
144571,100.0 ,1697371239416
144571,94.1 ,1697371240105
144571,105.9 ,1697371240797
144571,94.1 ,1697371241487
144571,94.1 ,1697371242176
144571,94.1 ,1697371242868
144571,94.1 ,1697371243558
144571,100.0 ,1697371244245
144571,100.0 ,1697371244937
144571,94.1 ,1697371245626
144571,94.1 ,1697371246317
144571,100.0 ,1697371247009
144571,100.0 ,1697371247698
144571,100.0 ,1697371248386
144571,100.0 ,1697371249073
144571,100.0 ,1697371249759
144571,100.0 ,1697371250451
144571,94.1 ,1697371251140
144571,106.2 ,1697371251832
144571,100.0 ,1697371252524
144571,106.2 ,1697371253214
144571,106.2 ,1697371253901
144571,100.0 ,1697371254588
144571,100.0 ,1697371255275
144571,100.0 ,1697371255967
144571,100.0 ,1697371256656
144571,100.0 ,1697371257343
144571,100.0 ,1697371258034
144571,106.2 ,1697371258723
144571,94.1 ,1697371259410
144571,100.0 ,1697371260102
144571,100.0 ,1697371260792
144571,106.2 ,1697371261484
144571,100.0 ,1697371262175
144571,100.0 ,1697371262862
144571,106.2 ,1697371263554
144571,106.2 ,1697371264243
144571,100.0 ,1697371264935
144571,94.1 ,1697371265626
144571,94.1 ,1697371266316
144571,94.1 ,1697371267008
144571,94.1 ,1697371267697
144571,100.0 ,1697371268384
144571,94.1 ,1697371269076
144571,94.1 ,1697371269765
144571,100.0 ,1697371270456
144571,100.0 ,1697371271147
144571,100.0 ,1697371271836
144571,94.1 ,1697371272528
144571,106.2 ,1697371273221
144571,94.1 ,1697371273921
144571,94.1 ,1697371274613
144571,100.0 ,1697371275305
144571,94.1 ,1697371275997
144571,100.0 ,1697371276688
144571,100.0 ,1697371277379
144571,94.1 ,1697371278070
144571,94.1 ,1697371278759
144571,100.0 ,1697371279446
144571,94.1 ,1697371280137
144571,94.1 ,1697371280827
144571,94.1 ,1697371281519
144571,100.0 ,1697371282210
144571,94.1 ,1697371282899
144571,94.1 ,1697371283590
144571,100.0 ,1697371284282
144571,106.2 ,1697371284972
144571,94.1 ,1697371285664
144571,100.0 ,1697371286355
144571,100.0 ,1697371287047
144571,94.1 ,1697371287739
144571,105.9 ,1697371288428
144571,94.1 ,1697371289120
144571,94.1 ,1697371289809
144571,100.0 ,1697371290496
144571,94.1 ,1697371291188
144571,94.1 ,1697371291876
144571,94.1 ,1697371292568
144571,94.1 ,1697371293259
144571,94.1 ,1697371293949
144571,94.1 ,1697371294641
144571,100.0 ,1697371295330
144571,94.1 ,1697371296017
144571,100.0 ,1697371296709
144571,94.1 ,1697371297398
144571,100.0 ,1697371298090
144571,100.0 ,1697371298781
144571,94.1 ,1697371299470
144571,100.0 ,1697371300162
144571,106.2 ,1697371300851
144571,100.0 ,1697371301537
144571,100.0 ,1697371302228
144571,94.1 ,1697371302917
144571,100.0 ,1697371303608
144571,94.1 ,1697371304299
144571,100.0 ,1697371304988
144571,100.0 ,1697371305680
144571,94.1 ,1697371306370
144571,100.0 ,1697371307058
144571,94.1 ,1697371307750
144571,100.0 ,1697371308439
144571,100.0 ,1697371309131
144571,100.0 ,1697371309822
144571,106.2 ,1697371310511
144571,100.0 ,1697371311203
144571,106.2 ,1697371311893
144571,100.0 ,1697371312582
144571,100.0 ,1697371313274
144571,106.2 ,1697371313963
144571,100.0 ,1697371314655
144571,100.0 ,1697371315347
144571,94.1 ,1697371316037
144571,94.1 ,1697371316728
144571,100.0 ,1697371317418
144571,100.0 ,1697371318105
144571,94.1 ,1697371318797
144571,100.0 ,1697371319486
144571,94.1 ,1697371320178
144571,100.0 ,1697371320869
144571,100.0 ,1697371321559
144571,100.0 ,1697371322251
144571,106.2 ,1697371322942
144571,100.0 ,1697371323632
144571,100.0 ,1697371324324
144571,94.1 ,1697371325014
144571,100.0 ,1697371325706
144571,94.1 ,1697371326398
144571,100.0 ,1697371327087
144571,94.1 ,1697371327779
144571,94.1 ,1697371328471
144571,100.0 ,1697371329160
144571,106.2 ,1697371329852
144571,100.0 ,1697371330542
144571,106.2 ,1697371331234
144571,100.0 ,1697371331925
144571,100.0 ,1697371332615
144571,100.0 ,1697371333307
144571,94.1 ,1697371333999
144571,94.1 ,1697371334689
144571,94.1 ,1697371335381
144571,94.1 ,1697371336070
144571,106.2 ,1697371336762
144571,100.0 ,1697371337453
144571,94.1 ,1697371338144
144571,94.1 ,1697371338836
144571,106.2 ,1697371339525
144571,106.2 ,1697371340212
144571,106.2 ,1697371340903
144571,100.0 ,1697371341593
144571,100.0 ,1697371342285
144571,100.0 ,1697371342975
144571,94.1 ,1697371343665
144571,100.0 ,1697371344357
144571,94.1 ,1697371345049
144571,94.1 ,1697371345739
144571,100.0 ,1697371346430
144571,100.0 ,1697371347120
144571,106.2 ,1697371347812
144571,106.2 ,1697371348503
144571,100.0 ,1697371349192
144571,94.1 ,1697371349885
144571,100.0 ,1697371350574
144571,94.1 ,1697371351261
144571,106.2 ,1697371351952
144571,100.0 ,1697371352643
144571,100.0 ,1697371353335
144571,100.0 ,1697371354026
144571,94.1 ,1697371354716
144571,94.1 ,1697371355409
144571,94.1 ,1697371356100
144571,94.1 ,1697371356790
144571,106.2 ,1697371357482
144571,100.0 ,1697371358172
144571,94.1 ,1697371358859
144571,94.1 ,1697371359549
144571,94.1 ,1697371360239
144571,94.1 ,1697371360930
144571,282.4 ,1697371361619
144571,35.3 ,1697371362306
144571,100.0 ,1697371362998
144571,5.9 ,1697371363687
144571,100.0 ,1697371364380
144571,94.1 ,1697371365070
144571,5.9 ,1697371365757
144571,94.1 ,1697371366449
144571,100.0 ,1697371367139
144571,100.0 ,1697371367833
144571,100.0 ,1697371368523
144571,100.0 ,1697371369210
144571,106.2 ,1697371369904
144571,94.1 ,1697371370594
144571,100.0 ,1697371371285
144571,100.0 ,1697371371979
144571,94.1 ,1697371372670
144571,100.0 ,1697371373358
144571,100.0 ,1697371374045
144571,100.0 ,1697371374732
144571,94.1 ,1697371375419
144571,106.2 ,1697371376106
144571,100.0 ,1697371376793
144571,100.0 ,1697371377480
144571,100.0 ,1697371378166
144571,100.0 ,1697371378854
144571,106.2 ,1697371379542
144571,100.0 ,1697371380231
144571,100.0 ,1697371380921
144571,94.1 ,1697371381610
144571,94.1 ,1697371382298
144571,106.2 ,1697371382986
144571,106.2 ,1697371383672
144571,100.0 ,1697371384360
144571,94.1 ,1697371385048
144571,100.0 ,1697371385734
144571,100.0 ,1697371386421
144571,100.0 ,1697371387108
144571,93.8 ,1697371387795
144571,106.2 ,1697371388482
144571,100.0 ,1697371389170
144571,100.0 ,1697371389858
144571,100.0 ,1697371390551
144571,100.0 ,1697371391240
144571,94.1 ,1697371391928
144571,100.0 ,1697371392615
144571,100.0 ,1697371393302
144571,94.1 ,1697371393989
144571,106.2 ,1697371394675
144571,100.0 ,1697371395364
144571,100.0 ,1697371396058
144571,94.1 ,1697371396746
144571,100.0 ,1697371397434
144571,106.2 ,1697371398124
144571,100.0 ,1697371398812
144571,100.0 ,1697371399500
144571,100.0 ,1697371400188
144571,100.0 ,1697371400876
144571,100.0 ,1697371401564
144571,100.0 ,1697371402253
144571,100.0 ,1697371402941
144571,100.0 ,1697371403629
144571,100.0 ,1697371404321
144571,94.1 ,1697371405017
144571,94.1 ,1697371405709
144571,100.0 ,1697371406398
144571,94.1 ,1697371407086
144571,100.0 ,1697371407774
144571,106.2 ,1697371408462
144571,94.1 ,1697371409150
144571,94.1 ,1697371409838
144571,94.1 ,1697371410526
144571,100.0 ,1697371411215
144571,100.0 ,1697371411905
144571,100.0 ,1697371412593
144571,100.0 ,1697371413281
144571,100.0 ,1697371413968
144571,94.1 ,1697371414656
144571,100.0 ,1697371415344
144571,106.2 ,1697371416033
144571,105.9 ,1697371416721
144571,106.2 ,1697371417413
144571,100.0 ,1697371418104
144571,100.0 ,1697371418795
144571,100.0 ,1697371419487
144571,100.0 ,1697371420180
144571,100.0 ,1697371420871
144571,94.1 ,1697371421559
144571,94.1 ,1697371422247
144571,100.0 ,1697371422936
144571,106.2 ,1697371423624
144571,100.0 ,1697371424312
144571,94.1 ,1697371425000
144571,100.0 ,1697371425689
144571,100.0 ,1697371426376
144571,0.0 ,1697371427063
144571,100.0 ,1697371427752
144571,94.1 ,1697371428439
144571,94.1 ,1697371429127
144571,100.0 ,1697371429815
144571,100.0 ,1697371430502
144571,94.1 ,1697371431189
144571,94.1 ,1697371431878
144571,100.0 ,1697371432568
144571,100.0 ,1697371433259
144571,94.1 ,1697371433950
144571,94.1 ,1697371434639
144571,94.1 ,1697371435326
144571,94.1 ,1697371436016
144571,106.2 ,1697371436705
144571,100.0 ,1697371437392
144571,106.2 ,1697371438082
144571,100.0 ,1697371438771
144571,106.2 ,1697371439462
144571,94.1 ,1697371440151
144571,94.1 ,1697371440837
144571,94.1 ,1697371441528
144571,94.1 ,1697371442217
144571,94.1 ,1697371442904
144571,100.0 ,1697371443595
144571,94.1 ,1697371444285
144571,100.0 ,1697371444975
144571,100.0 ,1697371445665
144571,100.0 ,1697371446351
144571,106.2 ,1697371447042
144571,94.1 ,1697371447731
144571,94.1 ,1697371448417
144571,94.1 ,1697371449108
144571,94.1 ,1697371449796
144571,94.1 ,1697371450487
144571,100.0 ,1697371451176
144571,100.0 ,1697371451863
144571,106.2 ,1697371452554
144571,100.0 ,1697371453244
144571,106.2 ,1697371453931
144571,100.0 ,1697371454623
144571,106.2 ,1697371455312
144571,100.0 ,1697371456002
144571,106.2 ,1697371456692
144571,94.1 ,1697371457379
144571,100.0 ,1697371458070
144571,94.1 ,1697371458759
144571,100.0 ,1697371459446
144571,94.1 ,1697371460137
144571,100.0 ,1697371460826
144571,100.0 ,1697371461515
144571,100.0 ,1697371462205
144571,106.2 ,1697371462892
144571,100.0 ,1697371463583
144571,106.2 ,1697371464273
144571,100.0 ,1697371464961
144571,106.2 ,1697371465652
144571,106.2 ,1697371466342
144571,100.0 ,1697371467033
144571,106.2 ,1697371467722
144571,100.0 ,1697371468410
144571,94.1 ,1697371469100
144571,100.0 ,1697371469790
144571,94.1 ,1697371470477
144571,94.1 ,1697371471167
144571,100.0 ,1697371471857
144571,94.1 ,1697371472547
144571,100.0 ,1697371473237
144571,94.1 ,1697371473925
144571,94.1 ,1697371474615
144571,106.2 ,1697371475305
144571,106.2 ,1697371475992
144571,100.0 ,1697371476683
144571,106.2 ,1697371477372
144571,100.0 ,1697371478064
144571,106.2 ,1697371478753
144571,94.1 ,1697371479441
144571,106.2 ,1697371480133
144571,100.0 ,1697371480822
144571,100.0 ,1697371481510
144571,106.2 ,1697371482203
144571,106.2 ,1697371482893
144571,100.0 ,1697371483584
144571,106.2 ,1697371484274
144571,106.2 ,1697371484962
144571,106.2 ,1697371485652
144571,106.2 ,1697371486341
144571,106.2 ,1697371487032
144571,100.0 ,1697371487720
144571,94.1 ,1697371488410
144571,100.0 ,1697371489100
144571,94.1 ,1697371489790
144571,94.1 ,1697371490477
144571,94.1 ,1697371491167
144571,94.1 ,1697371491856
144571,100.0 ,1697371492548
144571,100.0 ,1697371493236
144571,94.1 ,1697371493926
144571,94.1 ,1697371494617
144571,94.1 ,1697371495307
144571,94.1 ,1697371495995
144571,94.1 ,1697371496685
144571,94.1 ,1697371497375
144571,106.2 ,1697371498065
144571,106.2 ,1697371498754
144571,106.2 ,1697371499443
144571,100.0 ,1697371500135
144571,106.2 ,1697371500824
144571,106.2 ,1697371501512
144571,106.2 ,1697371502203
144571,100.0 ,1697371502893
144571,94.1 ,1697371503580
144571,94.1 ,1697371504271
144571,100.0 ,1697371504961
144571,100.0 ,1697371505651
144571,94.1 ,1697371506340
144571,100.0 ,1697371507028
144571,94.1 ,1697371507719
144571,100.0 ,1697371508409
144571,94.1 ,1697371509096
144571,94.1 ,1697371509787
144571,94.1 ,1697371510476
144571,94.1 ,1697371511165
144571,100.0 ,1697371511855
144571,100.0 ,1697371512542
144571,106.2 ,1697371513232
144571,106.2 ,1697371513921
144571,100.0 ,1697371514609
144571,100.0 ,1697371515299
144571,94.1 ,1697371515989
144571,94.1 ,1697371516679
144571,94.1 ,1697371517368
144571,94.1 ,1697371518055
144571,100.0 ,1697371518746
144571,106.2 ,1697371519435
144571,100.0 ,1697371520123
144571,100.0 ,1697371520813
144571,106.2 ,1697371521503
144571,106.2 ,1697371522193
144571,106.2 ,1697371522883
144571,112.5 ,1697371523571
144571,94.1 ,1697371524276
144571,94.1 ,1697371524966
144571,94.1 ,1697371525658
144571,100.0 ,1697371526346
144571,100.0 ,1697371527036
144571,100.0 ,1697371527726
144571,100.0 ,1697371528416
144571,94.1 ,1697371529104
144571,100.0 ,1697371529794
144571,106.2 ,1697371530484
144571,100.0 ,1697371531173
144571,100.0 ,1697371531862
144571,106.2 ,1697371532552
144571,106.2 ,1697371533242
144571,106.2 ,1697371533932
144571,94.1 ,1697371534620
144571,100.0 ,1697371535310
144571,94.1 ,1697371536000
144571,94.1 ,1697371536690
144571,94.1 ,1697371537378
144571,100.0 ,1697371538068
144571,94.1 ,1697371538758
144571,94.1 ,1697371539447
144571,100.0 ,1697371540135
144571,106.2 ,1697371540825
144571,100.0 ,1697371541513
144571,100.0 ,1697371542200
144571,100.0 ,1697371542888
144571,94.1 ,1697371543578
144571,100.0 ,1697371544269
144571,100.0 ,1697371544959
144571,94.1 ,1697371545646
144571,94.1 ,1697371546336
144571,106.2 ,1697371547024
144571,100.0 ,1697371547712
144571,94.1 ,1697371548399
144571,94.1 ,1697371549090
144571,94.1 ,1697371549781
144571,100.0 ,1697371550470
144571,94.1 ,1697371551157
144571,94.1 ,1697371551848
144571,100.0 ,1697371552537
144571,100.0 ,1697371553226
144571,93.8 ,1697371553913
144571,100.0 ,1697371554604
144571,100.0 ,1697371555294
144571,106.2 ,1697371555983
144571,100.0 ,1697371556671
144571,100.0 ,1697371557362
144571,100.0 ,1697371558049
144571,94.1 ,1697371558739
144571,94.1 ,1697371559429
144571,94.1 ,1697371560119
144571,100.0 ,1697371560809
144571,94.1 ,1697371561499
144571,94.1 ,1697371562187
144571,94.1 ,1697371562878
144571,100.0 ,1697371563567
144571,100.0 ,1697371564258
144571,94.1 ,1697371564947
144571,100.0 ,1697371565637
144571,100.0 ,1697371566327
144571,100.0 ,1697371567016
144571,100.0 ,1697371567704
144571,100.0 ,1697371568394
144571,100.0 ,1697371569084
144571,106.2 ,1697371569772
144571,100.0 ,1697371570462
144571,106.2 ,1697371571151
144571,106.2 ,1697371571842
144571,100.0 ,1697371572531
144571,94.1 ,1697371573219
144571,100.0 ,1697371573910
144571,100.0 ,1697371574599
144571,94.1 ,1697371575290
144571,94.1 ,1697371575978
144571,100.0 ,1697371576668
144571,94.1 ,1697371577359
144571,100.0 ,1697371578048
144571,105.9 ,1697371578736
144571,94.1 ,1697371579427
144571,100.0 ,1697371580116
144571,94.1 ,1697371580807
144571,100.0 ,1697371581496
144571,94.1 ,1697371582186
144571,94.1 ,1697371582877
144571,100.0 ,1697371583567
144571,100.0 ,1697371584255
144571,94.1 ,1697371584946
144571,100.0 ,1697371585636
144571,94.1 ,1697371586326
144571,100.0 ,1697371587014
144571,100.0 ,1697371587704
144571,100.0 ,1697371588394
144571,106.2 ,1697371589085
144571,100.0 ,1697371589776
144571,94.1 ,1697371590467
144571,100.0 ,1697371591155
144571,94.1 ,1697371591848
144571,100.0 ,1697371592540
144571,100.0 ,1697371593233
144571,93.8 ,1697371593924
144571,100.0 ,1697371594613
144571,94.1 ,1697371595306
144571,47.1 ,1697371595996
144571,100.0 ,1697371596688
144571,100.0 ,1697371597379
144571,2641 ,1697371598070
144571,94.4 ,1697371598766
144571,270.6 ,1697371599468
144571,1011 ,1697371600162
144571,1565 ,1697371600871
144571,264.7 ,1697371601567
144571,3882 ,1697371602260
144571,2117 ,1697371602955
144571,3144 ,1697371603670
144571,1076 ,1697371604403
144571,388.2 ,1697371605124
144571,1178 ,1697371605825
144571,4324 ,1697371606545
144571,1831 ,1697371607251
144571,2141 ,1697371607956
144571,262.5 ,1697371608671
144571,876.5 ,1697371609365
144571,2065 ,1697371610060
144571,247.1 ,1697371610765
144571,885.0 ,1697371611457
144571,917.6 ,1697371612179
144571,2959 ,1697371612875
144571,1076 ,1697371613602
144571,370.6 ,1697371614299
144571,1044 ,1697371614992
144571,817.6 ,1697371615696
144571,4965 ,1697371616399
144571,3717 ,1697371617094
144571,523.5 ,1697371617813
144571,2172 ,1697371618508
144571,3818 ,1697371619215
144571,2012 ,1697371619922
144571,972.2 ,1697371620640
144571,3359 ,1697371621343
144571,1047 ,1697371622039
144571,329.4 ,1697371622736
144571,335.3 ,1697371623429
144571,388.2 ,1697371624121
144571,388.2 ,1697371624814
144571,1347 ,1697371625506
144571,2253 ,1697371626213
144571,3059 ,1697371626909
144571,4788 ,1697371627627
144571,955.6 ,1697371628357
144571,1006 ,1697371629063
144571,4318 ,1697371629759
144571,2776 ,1697371630465
144571,3100 ,1697371631172
144571,1606 ,1697371631892
144571,2922 ,1697371632598
144571,1144 ,1697371633312
144571,388.2 ,1697371634007
144571,388.2 ,1697371634700
144571,955.6 ,1697371635400
144571,3981 ,1697371636111
144571,1059 ,1697371636807
144571,352.9 ,1697371637503
144571,2071 ,1697371638195
144571,964.7 ,1697371638910
144571,347.1 ,1697371639606
144571,3653 ,1697371640298
144571,1029 ,1697371641006
144571,1129 ,1697371641705
144571,388.2 ,1697371642426
144571,382.4 ,1697371643119
144571,3700 ,1697371643812
144571,394.1 ,1697371644508
144571,831.2 ,1697371645202
144571,4312 ,1697371645899
144571,2106 ,1697371646596
144571,541.2 ,1697371647304
144571,388.2 ,1697371648004
144571,1753 ,1697371648700
144571,275.0 ,1697371649403
144571,3753 ,1697371650095
144571,1000 ,1697371650797
144571,1729 ,1697371651493
144571,923.5 ,1697371652196
144571,3494 ,1697371652892
144571,3889 ,1697371653613
144571,1629 ,1697371654331
144571,1076 ,1697371655048
144571,588.2 ,1697371655743
144571,305.9 ,1697371656440
144571,4041 ,1697371657133
144571,1059 ,1697371657836
144571,387.5 ,1697371658532
144571,3800 ,1697371659225
144571,1000 ,1697371659939
144571,3624 ,1697371660636
144571,5159 ,1697371661337
144571,941.2 ,1697371662057
144571,388.2 ,1697371662752
144571,355.6 ,1697371663444
144571,388.2 ,1697371664148
144571,1800 ,1697371664841
144571,3247 ,1697371665543
144571,1047 ,1697371666247
144571,317.6 ,1697371666944
144571,394.1 ,1697371667637
144571,364.7 ,1697371668329
144571,412.5 ,1697371669022
144571,1635 ,1697371669717
144571,264.7 ,1697371670413
144571,1041 ,1697371671106
144571,3912 ,1697371671802
144571,1838 ,1697371672511
144571,412.5 ,1697371673212
144571,3159 ,1697371673905
144571,955.6 ,1697371674618
144571,1982 ,1697371675327
144571,4006 ,1697371676033
144571,4118 ,1697371676730
144571,1753 ,1697371677447
144571,372.2 ,1697371678162
144571,388.2 ,1697371678868
144571,2206 ,1697371679561
144571,2088 ,1697371680257
144571,2129 ,1697371680953
144571,1419 ,1697371681651
144571,388.2 ,1697371682347
144571,3650 ,1697371683040
144571,333.3 ,1697371683739
144571,1372 ,1697371684445
144571,2129 ,1697371685164
144571,952.6 ,1697371685891
144571,282.4 ,1697371686594
144571,2676 ,1697371687286
144571,4265 ,1697371688009
144571,1012 ,1697371688737
144571,1076 ,1697371689433
144571,358.8 ,1697371690129
144571,1088 ,1697371690822
144571,370.6 ,1697371691518
144571,388.2 ,1697371692210
144571,412.5 ,1697371692902
144571,388.2 ,1697371693594
144571,3200 ,1697371694286
144571,3500 ,1697371694987
144571,200.0 ,1697371695689
144571,4062 ,1697371696392
144571,1053 ,1697371697088
144571,388.2 ,1697371697783
144571,394.1 ,1697371698475
144571,4365 ,1697371699167
144571,335.3 ,1697371699862
144571,4835 ,1697371700559
144571,3835 ,1697371701283
144571,1053 ,1697371701993
144571,276.5 ,1697371702689
144571,412.5 ,1697371703382
144571,1453 ,1697371704076
144571,970.6 ,1697371704784
144571,4759 ,1697371705494
144571,2189 ,1697371706190
144571,376.5 ,1697371706888
144571,1529 ,1697371707581
144571,938.9 ,1697371708296
144571,2161 ,1697371708989
144571,3253 ,1697371709702
144571,341.2 ,1697371710401
144571,376.5 ,1697371711106
144571,3544 ,1697371711808
144571,1053 ,1697371712509
144571,388.2 ,1697371713204
144571,388.2 ,1697371713897
144571,1169 ,1697371714591
144571,2759 ,1697371715287
144571,1871 ,1697371716007
144571,241.2 ,1697371716705
144571,3311 ,1697371717398
144571,1012 ,1697371718101
144571,400.0 ,1697371718795
144571,1050 ,1697371719487
144571,611.8 ,1697371720209
144571,364.7 ,1697371720915
144571,2382 ,1697371721607
144571,3688 ,1697371722302
144571,1900 ,1697371722998
144571,3294 ,1697371723697
144571,888.9 ,1697371724426
144571,2424 ,1697371725124
144571,2079 ,1697371725832
144571,1065 ,1697371726550
144571,870.6 ,1697371727244
144571,1194 ,1697371727940
144571,716.7 ,1697371728640
144571,100.0 ,1697371729343
144571,3612 ,1697371730036
144571,4018 ,1697371730747
144571,1125 ,1697371731442
144571,2200 ,1697371732138
144571,1528 ,1697371732843
144571,2233 ,1697371733557
144571,3206 ,1697371734272
144571,1724 ,1697371734972
144571,1576 ,1697371735677
144571,925.0 ,1697371736381
144571,3741 ,1697371737085
144571,238.9 ,1697371737783
144571,2041 ,1697371738513
144571,4429 ,1697371739208
144571,300.0 ,1697371739907
144571,2906 ,1697371740600
144571,976.5 ,1697371741333
144571,2559 ,1697371742030
144571,394.1 ,1697371742726
144571,1837 ,1697371743425
144571,1035 ,1697371744140
144571,1547 ,1697371744835
144571,3424 ,1697371745542
144571,1850 ,1697371746281
144571,129.4 ,1697371746977
144571,1065 ,1697371747671
144571,305.9 ,1697371748387
144571,388.2 ,1697371749080
144571,2712 ,1697371749773
144571,2219 ,1697371750482
144571,2105 ,1697371751182
144571,341.2 ,1697371751910
144571,387.5 ,1697371752602
144571,1553 ,1697371753301
144571,1059 ,1697371754009
144571,1912 ,1697371754704
144571,1365 ,1697371755400
144571,1028 ,1697371756113
144571,3965 ,1697371756837
144571,1018 ,1697371757554
144571,376.5 ,1697371758251
144571,1012 ,1697371758956
144571,1053 ,1697371759651
144571,382.4 ,1697371760346
144571,917.6 ,1697371761039
144571,2500 ,1697371761746
144571,1944 ,1697371762442
144571,3288 ,1697371763138
144571,1041 ,1697371763833
144571,1018 ,1697371764533
144571,2124 ,1697371765237
144571,3524 ,1697371765933
144571,4212 ,1697371766631
144571,2494 ,1697371767345
144571,394.1 ,1697371768043
144571,1241 ,1697371768736
144571,3900 ,1697371769442
144571,3688 ,1697371770138
144571,347.1 ,1697371770835
144571,4276 ,1697371771527
144571,1100 ,1697371772226
144571,375.0 ,1697371772921
144571,1871 ,1697371773615
144571,4376 ,1697371774329
144571,276.5 ,1697371775039
144571,1071 ,1697371775735
144571,394.1 ,1697371776434
144571,388.2 ,1697371777127
144571,1000 ,1697371777827
144571,394.1 ,1697371778536
144571,947.1 ,1697371779228
144571,3676 ,1697371779923
144571,2347 ,1697371780620
144571,1453 ,1697371781316
144571,400.0 ,1697371782012
144571,1606 ,1697371782708
144571,94.1 ,1697371783416
144571,3583 ,1697371784109
144571,3441 ,1697371784815
144571,4271 ,1697371785513
144571,4256 ,1697371786222
144571,941.2 ,1697371786917
144571,900.0 ,1697371787617
144571,1500 ,1697371788330
144571,952.9 ,1697371789035
144571,1531 ,1697371789731
144571,1900 ,1697371790427
144571,1000 ,1697371791161
144571,666.7 ,1697371791866
144571,1065 ,1697371792569
144571,3853 ,1697371793283
144571,1353 ,1697371793985
144571,994.1 ,1697371794699
144571,1135 ,1697371795399
144571,394.1 ,1697371796098
144571,1694 ,1697371796791
144571,1041 ,1697371797496
144571,776.5 ,1697371798192
144571,2200 ,1697371798893
144571,2359 ,1697371799603
144571,377.8 ,1697371800313
144571,388.2 ,1697371801019
144571,400.0 ,1697371801711
144571,382.4 ,1697371802417
144571,388.2 ,1697371803110
144571,2082 ,1697371803804
144571,1218 ,1697371804500
144571,317.6 ,1697371805197
144571,358.8 ,1697371805890
144571,1659 ,1697371806594
144571,2571 ,1697371807290
144571,1629 ,1697371807993
144571,405.9 ,1697371808704
144571,3918 ,1697371809423
144571,305.9 ,1697371810121
144571,3953 ,1697371810826
144571,1006 ,1697371811522
144571,376.5 ,1697371812223
144571,700.0 ,1697371812925
144571,2265 ,1697371813627
144571,1800 ,1697371814323
144571,2282 ,1697371815023
144571,950.0 ,1697371815723
144571,1065 ,1697371816430
144571,1571 ,1697371817126
144571,2711 ,1697371817822
144571,2000 ,1697371818531
144571,1147 ,1697371819227
144571,1153 ,1697371819930
144571,382.4 ,1697371820626
144571,2688 ,1697371821318
144571,372.2 ,1697371822017
144571,388.2 ,1697371822723
144571,394.1 ,1697371823416
144571,347.1 ,1697371824109
144571,1906 ,1697371824803
144571,1412 ,1697371825499
144571,4035 ,1697371826207
144571,3506 ,1697371826928
144571,1012 ,1697371827629
144571,1106 ,1697371828327
144571,388.2 ,1697371829026
144571,527.8 ,1697371829720
144571,2288 ,1697371830425
144571,1000 ,1697371831122
144571,3365 ,1697371831819
144571,1012 ,1697371832515
144571,1635 ,1697371833223
144571,1582 ,1697371833920
144571,1871 ,1697371834635
144571,2206 ,1697371835338
144571,1212 ,1697371836043
144571,1426 ,1697371836745
144571,4424 ,1697371837467
144571,306.2 ,1697371838162
144571,1671 ,1697371838857
144571,1888 ,1697371839575
144571,1412 ,1697371840272
144571,2235 ,1697371840978
144571,1618 ,1697371841698
144571,3500 ,1697371842395
144571,2631 ,1697371843091
144571,1639 ,1697371843800
144571,3271 ,1697371844516
144571,1069 ,1697371845212
144571,1653 ,1697371845907
144571,3653 ,1697371846604
144571,964.7 ,1697371847300
144571,1082 ,1697371848000
144571,427.8 ,1697371848698
144571,233.3 ,1697371849403
144571,476.5 ,1697371850108
144571,988.2 ,1697371850802
144571,2319 ,1697371851501
144571,3588 ,1697371852200
144571,1384 ,1697371852896
144571,1555 ,1697371853618
144571,211.8 ,1697371854340
144571,1458 ,1697371855036
144571,2559 ,1697371855756
144571,3359 ,1697371856457
144571,2206 ,1697371857153
144571,3235 ,1697371857849
144571,1084 ,1697371858571
144571,1665 ,1697371859285
144571,3576 ,1697371859988
144571,1358 ,1697371860695
144571,664.7 ,1697371861414
144571,2659 ,1697371862116
144571,4071 ,1697371862813
144571,1135 ,1697371863509
144571,3659 ,1697371864208
144571,1129 ,1697371864914
144571,725.0 ,1697371865611
144571,2312 ,1697371866310
144571,1041 ,1697371867007
144571,2406 ,1697371867704
144571,1094 ,1697371868405
144571,3938 ,1697371869121
144571,1653 ,1697371869839
144571,900.0 ,1697371870539
144571,1380 ,1697371871237
144571,2518 ,1697371871962
144571,952.9 ,1697371872668
144571,4471 ,1697371873373
144571,394.1 ,1697371874069
144571,1694 ,1697371874762
144571,2153 ,1697371875458
144571,2029 ,1697371876155
144571,4341 ,1697371876852
144571,3724 ,1697371877549
144571,3994 ,1697371878266
144571,2188 ,1697371878972
144571,3729 ,1697371879668
144571,1700 ,1697371880379
144571,976.5 ,1697371881075
144571,4453 ,1697371881778
144571,1035 ,1697371882474
144571,982.4 ,1697371883169
144571,811.8 ,1697371883864
144571,2172 ,1697371884560
144571,2041 ,1697371885270
144571,4088 ,1697371885975
144571,1271 ,1697371886684
144571,1635 ,1697371887379
144571,1818 ,1697371888075
144571,1250 ,1697371888770
144571,4100 ,1697371889492
144571,382.4 ,1697371890197
144571,3829 ,1697371890891
144571,1088 ,1697371891595
144571,1135 ,1697371892290
144571,341.2 ,1697371892987
144571,1194 ,1697371893681
144571,1194 ,1697371894386
144571,3806 ,1697371895081
144571,1447 ,1697371895811
144571,3344 ,1697371896511
144571,3676 ,1697371897207
144571,394.1 ,1697371897902
144571,370.6 ,1697371898606
144571,4112 ,1697371899299
144571,2659 ,1697371900007
144571,1888 ,1697371900705
144571,1089 ,1697371901416
144571,2639 ,1697371902125
144571,1082 ,1697371902833
144571,788.2 ,1697371903528
144571,1329 ,1697371904224
144571,1265 ,1697371904934
144571,3112 ,1697371905630
144571,2147 ,1697371906326
144571,3019 ,1697371907022
144571,2153 ,1697371907740
144571,2250 ,1697371908460
144571,282.4 ,1697371909171
144571,1147 ,1697371909864
144571,1094 ,1697371910563
144571,1259 ,1697371911264
144571,2176 ,1697371911960
144571,1012 ,1697371912658
144571,1071 ,1697371913353
144571,3135 ,1697371914048
144571,1335 ,1697371914759
144571,3982 ,1697371915455
144571,1194 ,1697371916178
144571,1765 ,1697371916883
144571,1094 ,1697371917594
144571,3871 ,1697371918293
144571,1916 ,1697371918996
144571,283.3 ,1697371919712
144571,1082 ,1697371920418
144571,1065 ,1697371921116
144571,1067 ,1697371921823
144571,417.6 ,1697371922525
144571,329.4 ,1697371923219
144571,3694 ,1697371923914
144571,3265 ,1697371924610
144571,3124 ,1697371925333
144571,1065 ,1697371926028
144571,994.1 ,1697371926724
144571,935.3 ,1697371927420
144571,1850 ,1697371928116
144571,3982 ,1697371928841
144571,2582 ,1697371929537
144571,1024 ,1697371930233
144571,4041 ,1697371930937
144571,688.2 ,1697371931643
144571,2018 ,1697371932338
144571,1229 ,1697371933037
144571,1750 ,1697371933741
144571,2282 ,1697371934448
144571,3676 ,1697371935149
144571,388.2 ,1697371935847
144571,523.5 ,1697371936540
144571,1024 ,1697371937235
144571,400.0 ,1697371937931
144571,233.3 ,1697371938626
144571,1665 ,1697371939334
144571,1718 ,1697371940029
144571,1147 ,1697371940735
144571,1011 ,1697371941452
144571,1519 ,1697371942161
144571,2406 ,1697371942859
144571,2441 ,1697371943556
144571,1094 ,1697371944252
144571,3800 ,1697371944949
144571,3906 ,1697371945661
144571,3959 ,1697371946370
144571,1050 ,1697371947074
144571,1076 ,1697371947782
144571,1012 ,1697371948483
144571,2494 ,1697371949180
144571,1261 ,1697371949875
144571,1776 ,1697371950581
144571,1653 ,1697371951277
144571,1341 ,1697371951973
144571,3435 ,1697371952678
144571,1094 ,1697371953375
144571,1359 ,1697371954089
144571,1594 ,1697371954794
144571,1129 ,1697371955508
144571,594.1 ,1697371956203
144571,4047 ,1697371956900
144571,1094 ,1697371957595
144571,3500 ,1697371958294
144571,3294 ,1697371958990
144571,383.3 ,1697371959693
144571,3100 ,1697371960398
144571,388.2 ,1697371961099
144571,305.6 ,1697371961795
144571,3741 ,1697371962497
144571,1138 ,1697371963192
144571,1147 ,1697371963887
144571,2371 ,1697371964584
144571,1424 ,1697371965291
144571,1847 ,1697371965987
144571,3400 ,1697371966682
144571,3000 ,1697371967378
144571,1041 ,1697371968075
144571,1769 ,1697371968770
144571,1282 ,1697371969476
144571,1369 ,1697371970172
144571,2553 ,1697371970867
144571,3659 ,1697371971573
144571,1065 ,1697371972269
144571,4212 ,1697371972964
144571,670.6 ,1697371973675
144571,1694 ,1697371974370
144571,1829 ,1697371975066
144571,1338 ,1697371975772
144571,3447 ,1697371976478
144571,882.4 ,1697371977193
144571,1294 ,1697371977893
144571,1865 ,1697371978601
144571,1711 ,1697371979308
144571,3288 ,1697371980021
144571,923.5 ,1697371980717
144571,1271 ,1697371981416
144571,3371 ,1697371982113
144571,1094 ,1697371982835
144571,1353 ,1697371983557
144571,1171 ,1697371984275
144571,241.2 ,1697371984974
144571,835.3 ,1697371985667
144571,335.3 ,1697371986372
144571,1878 ,1697371987066
144571,1282 ,1697371987772
144571,3876 ,1697371988470
144571,976.5 ,1697371989166
144571,921.1 ,1697371989875
144571,4476 ,1697371990579
144571,1724 ,1697371991284
144571,1575 ,1697371991982
144571,1353 ,1697371992677
144571,388.9 ,1697371993380
144571,1024 ,1697371994088
144571,1065 ,1697371994784
144571,1141 ,1697371995482
144571,929.4 ,1697371996180
144571,1159 ,1697371996875
144571,2238 ,1697371997572
144571,1676 ,1697371998275
144571,1412 ,1697371998972
144571,3935 ,1697371999677
144571,1194 ,1697372000406
144571,1659 ,1697372001117
144571,1682 ,1697372001812
144571,1618 ,1697372002516
144571,535.3 ,1697372003220
144571,152.9 ,1697372003913
144571,94.1 ,1697372004608
144571,106.2 ,1697372005302
144571,106.2 ,1697372005994
144571,100.0 ,1697372006683
144571,106.2 ,1697372007373
144571,100.0 ,1697372008063
144571,106.2 ,1697372008752
144571,100.0 ,1697372009444
144571,88.2 ,1697372010138
144571,94.1 ,1697372010829
144571,94.1 ,1697372011520
144571,94.1 ,1697372012211
144571,100.0 ,1697372012901
144571,94.1 ,1697372013588
144571,100.0 ,1697372014278
144571,94.1 ,1697372014968
144571,100.0 ,1697372015658
144571,106.2 ,1697372016345
144571,100.0 ,1697372017032
144571,100.0 ,1697372017718
144571,100.0 ,1697372018404
144571,94.1 ,1697372019090
144571,100.0 ,1697372019776
144571,100.0 ,1697372020462
144571,94.1 ,1697372021148
